x<-3+18
y<- 100/2
i<- 88/99
